Newton Interpolation Coefficients (Degree 10):
a(0) = 0.7853981634
a(1) = 0.3947911197
a(2) = -0.1460811306
a(3) = 0.0424357369
a(4) = -0.0099989661
a(5) = 0.0019334873
a(6) = -0.0003029475
a(7) = 0.0000359312
a(8) = -0.0000022713
a(9) = -0.0000002850
a(10) = 0.0000001379
